1238.413867
1212.211060
1203.815531
1196.928656
1190.698004
1184.502835
1177.887155
1170.618895
1163.031883
1154.950488
1147.011482
1139.831752
1133.267214
1126.744061
1120.058541
1114.095323
1108.440505
1102.998881
1097.954086
1093.338004
1089.186454
1085.510464
1082.258798
1079.361094
1076.755972
1074.394323
1072.238021
1070.257692
1068.430417
1066.737921
1065.165307
1063.700183
1062.332021
1061.051653
1059.850850
1058.721967
1057.657620
1056.650344
1055.692159
1054.773852
1053.883593
1053.003829
1052.102959
1051.106732
1049.731789
1047.298067
1046.476366
1045.894169
1045.344192
1044.830860
1044.351410
1043.903094
1043.483514
1043.090521
1042.722165
1042.376650
1042.052315
1041.747618
1041.461132
1041.191533
1040.937599
1040.698201
1040.472299
1040.258931
1040.057213
1039.866322
1039.685500
1039.514039
1039.351283
1039.196616
1039.049467
1038.909295
1038.775594
1038.647886
1038.525717
1038.408658
1038.296297
1038.188237
1038.084097
1037.983505
1037.886092
1037.791495
1037.699347
1037.609274
1037.520886
1037.433775
1037.347498
1037.261569
1037.175441
1037.088480
1036.999936
1036.908894
1036.814201
1036.714358
1036.607338
1036.490270
1036.358860
1036.206190
1036.019913
1035.774201
1035.397130
1034.436746
1021.511595
1020.560245
1020.498057
1020.449024
1020.385668
1020.295646
1020.179617
1020.049599
1019.920748
1019.806088
1019.705765
1019.645011
1019.617405
1019.597378
1019.580423
1019.566121
1019.554582
1019.546464
1019.543190
1019.547314
1019.563862
1019.601201
1019.657515
1019.713834
1019.760201
1019.796801
1019.822871
1019.837621
1019.841947
1019.837928
1019.827785
1019.813363
1019.796053
1019.776878
1019.756575
1019.735671
1019.714537
1019.693432
1019.672533
1019.651961
1019.631797
1019.612096
1019.592890
1019.574199
1019.556035
1019.538399
1019.521288
1019.504698
1019.488619
1019.473040
1019.457949
1019.443333
1019.429179
1019.415474
1019.402203
1019.389354
1019.376913
1019.364868
1019.353205
1019.341913
1019.330980
1019.320395
1019.310146
1019.300223
1019.290616
1019.281314
1019.272308
1019.263589
1019.255147
1019.246973
1019.239060
1019.231398
1019.223980
1019.216798
1019.209843
1019.203109
1019.196589
1019.190274
1019.184159
1019.178237
1019.172502
1019.166946
1019.161564
1019.156350
1019.151299
1019.146405
1019.141662
1019.137066
1019.132611
1019.128292
1019.124105
1019.120046
1019.116109
1019.112291
1019.108588
1019.104995
1019.101509
1019.098127
1019.094844
1019.091657
1019.088564
1019.085560
1019.082643
1019.079811
1019.077059
1019.074386
1019.071788
1019.069264
1019.066810
1019.064426
1019.062107
1019.059852
1019.057660
1019.055527
1019.053453
1019.051435
1019.049471
1019.047560
1019.045700
1019.043889
1019.042126
1019.040409
1019.038738
1019.037110
1019.035524
1019.033979
1019.032474
1019.031008
1019.029578
1019.028185
1019.026827
1019.025503
1019.024213
1019.022954
1019.021727
1019.020530
1019.019362
1019.018223
1019.017112
1019.016028
1019.014970
1019.013937
1019.012929
1019.011946
1019.010986
1019.010048
1019.009133
1019.008239
1019.007367
1019.006514
1019.005682
1019.004869
1019.004075
1019.003299
1019.002541
1019.001801
1019.001077
1019.000370
1018.999679
1018.999004
1018.998344
1018.997699
1018.997069
1018.996453
1018.995850
1018.995261
1018.994685
1018.994122
1018.993572
1018.993033
1018.992507
1018.991992
1018.991489
1018.990996
1018.990515
1018.990044
1018.989583
1018.989132
1018.988692
1018.988261
1018.987839
1018.987426
1018.987023
1018.986628
1018.986242
1018.985864
1018.985494
1018.985132
1018.984778
1018.984432
1018.984093
1018.983762
1018.983438
1018.983120
1018.982810
1018.982506
1018.982209
1018.981918
1018.981634
1018.981355
1018.981083
1018.980817
1018.980556
1018.980301
1018.980052
1018.979808
1018.979569
1018.979336
1018.979107
1018.978884
1018.978665
1018.978451
1018.978242
1018.978038
1018.977838
1018.977642
1018.977451
1018.977264
1018.977081
1018.976902
1018.976728
1018.976557
1018.976390
1018.976227
1018.976067
1018.975911
1018.975759
1018.975610
1018.975464
1018.975322
1018.975184
1018.975048
1018.974916
1018.974786
1018.974660
1018.974537
1018.974417
1018.974299
1018.974185
1018.974073
1018.973964
1018.973857
1018.973754
1018.973653
1018.973554
1018.973458
1018.973364
1018.973273
1018.973184
1018.973097
1018.973013
1018.972931
1018.972851
1018.972773
1018.972698
1018.972624
1018.972553
1018.972483
1018.972416
1018.972350
1018.972287
1018.972225
1018.972165
1018.972107
1018.972051
1018.971996
1018.971943
1018.971892
1018.971843
1018.971795
1018.971748
1018.971704
1018.971661
1018.971619
1018.971579
1018.971541
1018.971503
1018.971468
1018.971433
1018.971400
1018.971369
1018.971339
1018.971310
1018.971282
1018.971256
1018.971231
1018.971207
1018.971184
1018.971163
1018.971143
1018.971123
1018.971105
1018.971089
1018.971073
1018.971058
1018.971044
1018.971032
1018.971020
1018.971010
1018.971000
1018.970992
1018.970984
1018.970978
1018.970972
1018.970967
1018.970963
1018.970960
1018.970958
1018.970957
1018.970957
1018.970957
1018.970958
1018.970960
1018.970963
1018.970967
1018.970971
1018.970977
1018.970983
1018.970989
1018.970997
1018.971005
1018.971014
1018.971023
1018.971033
1018.971044
1018.971056
1018.971068
1018.971081
1018.971094
1018.971108
1018.971123
1018.971139
1018.971154
1018.971171
1018.971188
1018.971206
1018.971224
1018.971243
1018.971262
1018.971282
1018.971302
1018.971323
1018.971344
1018.971366
1018.971388
1018.971411
1018.971435
1018.971458
1018.971483
1018.971507
1018.971532
1018.971558
1018.971584
1018.971610
1018.971637
1018.971665
1018.971692
1018.971720
1018.971749
1018.971778
1018.971807
1018.971837
1018.971867
1018.971897
1018.971928
1018.971959
1018.971990
1018.972022
1018.972054
1018.972087
1018.972119
1018.972153
1018.972186
1018.972220
1018.972254
1018.972288
1018.972323
1018.972358
1018.972393
1018.972428
1018.972464
1018.972500
1018.972536
1018.972573
1018.972610
1018.972647
1018.972684
1018.972722
1018.972760
1018.972798
1018.972836
1018.972874
1018.972913
1018.972952
1018.972991
1018.973031
1018.973070
1018.973110
1018.973150
1018.973191
1018.973231
1018.973272
1018.973313
1018.973354
1018.973395
1018.973436
1018.973478
1018.973519
1018.973561
1018.973603
1018.973646
1018.973688
1018.973731
1018.973773
1018.973816
1018.973859
1018.973903
1018.973946
1018.973989
1018.974033
1018.974077
1018.974121
1018.974165
1018.974209
1018.974253
1018.974297
1018.974342
1018.974387
1018.974431
1018.974476
1018.974521
1018.974566
1018.974611
1018.974657
1018.974702
1018.974748
1018.974793
1018.974839
1018.974885
1018.974931
1018.974977
1018.975023
1018.975069
1018.975115
1018.975162
1018.975208
1018.975254
1018.975301
1018.975348
1018.975394
1018.975441
1018.975488
1018.975535
1018.975582
1018.975629
1018.975676
1018.975723
1018.975771
1018.975818
1018.975865
1018.975913
1018.975960
1018.976008
1018.976055
1018.976103
1018.976151
1018.976198
1018.976246
1018.976294
1018.976342
1018.976390
1018.976437
1018.976485
1018.976533
1018.976581
1018.976629
1018.976678
1018.976726
1018.976774
1018.976822
1018.976870
1018.976918
1018.976967
1018.977015
1018.977063
1018.977112
1018.977160
1018.977208
1018.977257
1018.977305
1018.977353
1018.977402
1018.977450
1018.977499
1018.977547
1018.977596
1018.977644
1018.977692
1018.977741
1018.977789
1018.977838
1018.977886
1018.977935
1018.977983
1018.978032
1018.978080
1018.978129
1018.978177
1018.978226
1018.978274
1018.978323
1018.978371
1018.978420
1018.978468
1018.978517
1018.978565
1018.978614
1018.978662
1018.978710
1018.978759
1018.978807
1018.978856
1018.978904
1018.978952
1018.979001
1018.979049
1018.979097
1018.979146
1018.979194
1018.979242
1018.979290
1018.979338
1018.979387
1018.979435
1018.979483
1018.979531
1018.979579
1018.979627
1018.979675
1018.979723
1018.979771
1018.979819
1018.979867
1018.979915
1018.979963
1018.980011
1018.980059
1018.980106
1018.980154
1018.980202
1018.980250
1018.980297
1018.980345
1018.980393
1018.980440
1018.980488
1018.980535
1018.980583
1018.980630
1018.980677
1018.980725
1018.980772
1018.980819
1018.980867
1018.980914
1018.980961
1018.981008
1018.981055
1018.981102
1018.981149
1018.981196
1018.981243
1018.981290
1018.981337
1018.981384
1018.981431
1018.981477
1018.981524
1018.981571
1018.981617
1018.981664
1018.981710
1018.981757
1018.981803
1018.981850
1018.981896
1018.981942
1018.981988
1018.982035
1018.982081
1018.982127
1018.982173
1018.982219
1018.982265
1018.982311
1018.982357
1018.982402
1018.982448
1018.982494
1018.982540
1018.982585
1018.982631
1018.982676
1018.982722
1018.982767
1018.982812
1018.982858
1018.982903
1018.982948
1018.982993
1018.983038
1018.983084
1018.983129
1018.983173
1018.983218
1018.983263
1018.983308
1018.983353
1018.983397
1018.983442
1018.983487
1018.983531
1018.983576
1018.983620
1018.983664
1018.983709
1018.983753
1018.983797
1018.983841
1018.983885
1018.983929
1018.983973
1018.984017
1018.984061
1018.984105
1018.984148
1018.984192
1018.984236
1018.984279
1018.984323
1018.984366
1018.984410
1018.984453
1018.984496
1018.984540
1018.984583
1018.984626
1018.984669
1018.984712
1018.984755
1018.984798
1018.984840
1018.984883
1018.984926
1018.984969
1018.985011
1018.985054
1018.985096
1018.985139
1018.985181
1018.985223
1018.985265
1018.985308
1018.985350
1018.985392
1018.985434
1018.985476
1018.985517
1018.985559
1018.985601
1018.985643
1018.985684
1018.985726
1018.985767
1018.985809
1018.985850
1018.985892
1018.985933
1018.985974
1018.986015
1018.986056
1018.986097
1018.986138
1018.986179
1018.986220
1018.986261
1018.986302
1018.986342
1018.986383
1018.986423
1018.986464
1018.986504
1018.986545
1018.986585
1018.986625
1018.986665
1018.986706
1018.986746
1018.986786
1018.986826
1018.986865
1018.986905
1018.986945
1018.986985
1018.987024
1018.987064
1018.987103
1018.987143
1018.987182
1018.987222
1018.987261
1018.987300
1018.987339
1018.987378
1018.987417
1018.987456
1018.987495
1018.987534
1018.987573
1018.987612
1018.987650
1018.987689
1018.987727
1018.987766
1018.987804
1018.987843
1018.987881
1018.987919
1018.987957
1018.987995
1018.988033
1018.988071
1018.988109
1018.988147
1018.988185
1018.988223
1018.988260
1018.988298
1018.988336
1018.988373
1018.988411
1018.988448
1018.988485
1018.988523
1018.988560
1018.988597
1018.988634
1018.988671
1018.988708
1018.988745
1018.988782
1018.988818
1018.988855
1018.988892
1018.988928
1018.988965
1018.989001
1018.989038
1018.989074
1018.989111
1018.989147
1018.989183
1018.989219
1018.989255
1018.989291
1018.989327
1018.989363
1018.989399
1018.989435
1018.989470
1018.989506
1018.989541
1018.989577
1018.989612
1018.989648
1018.989683
1018.989718
1018.989754
1018.989789
1018.989824
1018.989859
1018.989894
1018.989929
1018.989964
1018.989999
1018.990033
1018.990068
1018.990103
1018.990137
1018.990172
1018.990206
1018.990241
1018.990275
1018.990309
1018.990344
1018.990378
1018.990412
1018.990446
1018.990480
1018.990514
1018.990548
1018.990582
1018.990615
1018.990649
1018.990683
1018.990716
1018.990750
1018.990783
1018.990817
1018.990850
1018.990884
1018.990917
1018.990950
1018.990983
1018.991016
1018.991049
1018.991082
1018.991115
1018.991148
1018.991181
1018.991214
1018.991246
1018.991279
1018.991311
1018.991344
1018.991376
1018.991409
1018.991441
1018.991474
1018.991506
1018.991538
1018.991570
1018.991602
1018.991634
1018.991666
1018.991698
1018.991730
1018.991762
1018.991793
1018.991825
1018.991857
1018.991888
1018.991920
1018.991951
1018.991983
1018.992014
1018.992045
1018.992077
1018.992108
1018.992139
1018.992170
1018.992201
1018.992232
1018.992263
1018.992294
1018.992325
1018.992356
1018.992386
1018.992417
1018.992447
1018.992478
1018.992509
1018.992539
1018.992569
1018.992600
1018.992630
1018.992660
1018.992690
1018.992721
1018.992751
1018.992781
1018.992811
1018.992841
1018.992870
1018.992900
1018.992930
1018.992960
1018.992989
1018.993019
1018.993048
1018.993078
1018.993107
1018.993137
1018.993166
1018.993195
1018.993225
1018.993254
1018.993283
1018.993312
1018.993341
1018.993370
1018.993399
1018.993428
1018.993457
1018.993486
1018.993514
1018.993543
1018.993572
1018.993600
1018.993629
1018.993657
1018.993686
1018.993714
1018.993742
1018.993771
1018.993799
1018.993827
1018.993855
1018.993883
1018.993911
1018.993939
1018.993967
1018.993995
1018.994023
1018.994051
1018.994078
1018.994106
1018.994134
1018.994161
1018.994189
1018.994216
1018.994244
1018.994271
1018.994299
1018.994326
1018.994353
1018.994380
1018.994407
1018.994435
1018.994462
1018.994489
1018.994516
1018.994542
1018.994569
1018.994596
1018.994623
1018.994650
1018.994676
1018.994703
1018.994730
1018.994756
1018.994783
1018.994809
1018.994835
1018.994862
1018.994888
1018.994914
1018.994940
1018.994967
1018.994993
1018.995019
1018.995045
1018.995071
1018.995097
1018.995123
1018.995148
1018.995174
1018.995200
1018.995226
1018.995251
1018.995277
1018.995303
1018.995328
1018.995354
1018.995379
1018.995404
1018.995430
1018.995455
1018.995480
1018.995505
1018.995531
1018.995556
1018.995581
1018.995606
1018.995631
1018.995656
1018.995681
1018.995705
1018.995730
1018.995755
1018.995780
1018.995804
1018.995829
1018.995854
1018.995878
1018.995903
1018.995927
1018.995952
1018.995976
1018.996000
1018.996025
1018.996049
1018.996073
1018.996097
1018.996121
1018.996145
1018.996169
1018.996193
1018.996217
1018.996241
1018.996265
1018.996289
1018.996313
1018.996336
1018.996360
1018.996384
1018.996407
1018.996431
1018.996454
1018.996478
1018.996501
1018.996525
1018.996548
1018.996571
1018.996595
1018.996618
1018.996641
1018.996664
1018.996687
1018.996710
1018.996733
1018.996756
1018.996779
1018.996802
1018.996825
1018.996848
1018.996871
1018.996893
1018.996916
1018.996939
1018.996961
1018.996984
1018.997007
1018.997029
1018.997052
1018.997074
1018.997096
1018.997119
1018.997141
1018.997163
1018.997185
1018.997208
1018.997230
1018.997252
1018.997274
1018.997296
1018.997318
1018.997340
1018.997362
1018.997384
1018.997406
1018.997427
1018.997449
1018.997471
1018.997493
1018.997514
1018.997536
1018.997557
1018.997579
1018.997600
1018.997622
1018.997643
1018.997665
1018.997686
1018.997707
1018.997729
1018.997750
1018.997771
1018.997792
1018.997813
1018.997834
1018.997855
1018.997876
1018.997897
1018.997918
1018.997939
1018.997960
1018.997981
1018.998002
1018.998022
1018.998043
1018.998064
1018.998084
1018.998105
1018.998126
1018.998146
1018.998167
1018.998187
1018.998208
1018.998228
1018.998248
1018.998269
1018.998289
1018.998309
1018.998329
1018.998350
1018.998370
1018.998390
1018.998410
1018.998430
1018.998450
1018.998470
1018.998490
1018.998510
1018.998530
1018.998549
1018.998569
1018.998589
1018.998609
1018.998628
1018.998648
1018.998668
1018.998687
1018.998707
1018.998726
1018.998746
1018.998765
1018.998785
1018.998804
1018.998823
1018.998843
1018.998862
1018.998881
1018.998900
1018.998920
1018.998939
1018.998958
1018.998977
1018.998996
1018.999015
1018.999034
1018.999053
1018.999072
1018.999091
1018.999110
1018.999128
1018.999147
1018.999166
1018.999185
1018.999203
1018.999222
1018.999241
1018.999259
1018.999278
1018.999296
1018.999315
1018.999333
1018.999352
1018.999370
1018.999388
1018.999407
1018.999425
1018.999443
1018.999462
1018.999480
1018.999498
1018.999516
1018.999534
1018.999552
1018.999570
1018.999588
1018.999606
1018.999624
1018.999642
1018.999660
1018.999678
1018.999696
1018.999714
1018.999731
1018.999749
1018.999767
1018.999784
1018.999802
1018.999820
1018.999837
1018.999855
1018.999872
1018.999890
1018.999907
1018.999925
1018.999942
1018.999960
1018.999977
1018.999994
1019.000012
1019.000029
1019.000046
1019.000063
1019.000080
1019.000097
1019.000115
1019.000132
1019.000149
1019.000166
1019.000183
1019.000200
1019.000217
1019.000234
1019.000250
1019.000267
1019.000284
1019.000301
1019.000318
1019.000334
1019.000351
1019.000368
1019.000384
1019.000401
1019.000418
1019.000434
1019.000451
1019.000467
1019.000484
1019.000500
1019.000517
1019.000533
1019.000549
1019.000566
1019.000582
1019.000598
1019.000614
1019.000631
1019.000647
1019.000663
1019.000679
1019.000695
1019.000711
1019.000727
1019.000743
1019.000759
1019.000775
1019.000791
1019.000807
1019.000823
1019.000839
1019.000855
1019.000871
1019.000887
1019.000902
1019.000918
1019.000934
1019.000949
1019.000965
1019.000981
1019.000996
1019.001012
1019.001027
1019.001043
1019.001058
1019.001074
1019.001089
1019.001105
1019.001120
1019.001135
1019.001151
1019.001166
1019.001181
1019.001197
1019.001212
1019.001227
1019.001242
1019.001257
1019.001273
1019.001288
1019.001303
1019.001318
1019.001333
1019.001348
1019.001363
1019.001378
1019.001393
1019.001408
1019.001423
1019.001437
1019.001452
1019.001467
1019.001482
1019.001497
1019.001511
1019.001526
1019.001541
1019.001555
1019.001570
1019.001585
1019.001599
1019.001614
1019.001628
1019.001643
1019.001657
1019.001672
1019.001686
1019.001701
1019.001715
1019.001729
1019.001744
1019.001758
1019.001772
1019.001787
1019.001801
1019.001815
1019.001829
1019.001843
1019.001857
1019.001872
1019.001886
1019.001900
1019.001914
1019.001928
1019.001942
1019.001956
1019.001970
1019.001984
1019.001998
1019.002012
1019.002025
1019.002039
1019.002053
1019.002067
1019.002081
1019.002094
1019.002108
1019.002122
1019.002136
1019.002149
1019.002163
1019.002176
1019.002190
1019.002204
1019.002217
1019.002231
1019.002244
1019.002258
1019.002271
1019.002285
1019.002298
1019.002311
1019.002325
1019.002338
1019.002351
1019.002365
1019.002378
1019.002391
1019.002405
1019.002418
1019.002431
1019.002444
1019.002457
1019.002470
1019.002484
1019.002497
1019.002510
1019.002523
1019.002536
1019.002549
1019.002562
1019.002575
1019.002588
1019.002601
1019.002613
1019.002626
1019.002639
1019.002652
1019.002665
1019.002678
1019.002690
1019.002703
1019.002716
1019.002729
1019.002741
1019.002754
1019.002767
1019.002779
1019.002792
1019.002804
1019.002817
1019.002829
1019.002842
1019.002854
1019.002867
1019.002879
1019.002892
1019.002904
1019.002917
1019.002929
1019.002941
1019.002954
1019.002966
1019.002978
1019.002991
1019.003003
1019.003015
1019.003027
1019.003040
1019.003052
1019.003064
1019.003076
1019.003088
1019.003100
1019.003112
1019.003124
1019.003136
1019.003148
1019.003160
1019.003172
1019.003184
1019.003196
1019.003208
1019.003220
1019.003232
1019.003244
1019.003256
1019.003268
1019.003279
1019.003291
1019.003303
1019.003315
1019.003326
1019.003338
1019.003350
1019.003361
1019.003373
1019.003385
1019.003396
1019.003408
1019.003420
1019.003431
1019.003443
1019.003454
1019.003466
1019.003477
1019.003489
1019.003500
1019.003512
1019.003523
1019.003534
1019.003546
1019.003557
1019.003568
1019.003580
1019.003591
1019.003602
1019.003614
1019.003625
1019.003636
1019.003647
1019.003659
1019.003670
1019.003681
1019.003692
1019.003703
1019.003714
1019.003725
1019.003736
1019.003747
1019.003758
1019.003769
1019.003780
1019.003791
1019.003802
1019.003813
1019.003824
1019.003835
1019.003846
1019.003857
1019.003868
1019.003879
1019.003890
1019.003900
1019.003911
1019.003922
1019.003933
1019.003943
1019.003954
1019.003965
1019.003976
1019.003986
1019.003997
1019.004008
1019.004018
1019.004029
1019.004039
1019.004050
1019.004060
1019.004071
1019.004082
1019.004092
1019.004103
1019.004113
1019.004123
1019.004134
1019.004144
1019.004155
1019.004165
1019.004175
1019.004186
1019.004196
1019.004207
1019.004217
1019.004227
1019.004237
1019.004248
1019.004258
1019.004268
1019.004278
1019.004289
1019.004299
1019.004309
1019.004319
1019.004329
1019.004339
1019.004349
1019.004359
1019.004370
1019.004380
1019.004390
1019.004400
1019.004410
1019.004420
1019.004430
1019.004440
1019.004449
1019.004459
1019.004469
1019.004479
1019.004489
1019.004499
1019.004509
1019.004519
1019.004528
1019.004538
1019.004548
1019.004558
1019.004568
1019.004577
1019.004587
1019.004597
1019.004606
1019.004616
1019.004626
1019.004635
1019.004645
1019.004655
1019.004664
1019.004674
1019.004684
1019.004693
1019.004703
1019.004712
1019.004722
1019.004731
1019.004741
1019.004750
1019.004760
1019.004769
1019.004778
1019.004788
1019.004797
1019.004807
1019.004816
1019.004825
1019.004835
1019.004844
1019.004853
1019.004863
1019.004872
1019.004881
1019.004891
1019.004900
1019.004909
1019.004918
1019.004927
1019.004937
1019.004946
1019.004955
1019.004964
1019.004973
1019.004982
1019.004991
1019.005000
1019.005010
1019.005019
1019.005028
1019.005037
1019.005046
1019.005055
1019.005064
1019.005073
1019.005082
1019.005091
1019.005100
1019.005108
1019.005117
1019.005126
1019.005135
1019.005144
1019.005153
1019.005162
1019.005171
1019.005179
1019.005188
1019.005197
1019.005206
1019.005214
1019.005223
1019.005232
1019.005241
1019.005249
1019.005258
1019.005267
1019.005275
1019.005284
1019.005293
1019.005301
1019.005310
1019.005319
1019.005327
1019.005336
1019.005344
1019.005353
1019.005361
1019.005370
1019.005378
1019.005387
1019.005395
1019.005404
1019.005412
1019.005421
1019.005429
1019.005438
1019.005446
1019.005454
1019.005463
1019.005471
1019.005480
1019.005488
1019.005496
1019.005505
1019.005513
1019.005521
1019.005529
1019.005538
1019.005546
1019.005554
1019.005562
1019.005571
1019.005579
1019.005587
1019.005595
1019.005603
1019.005612
1019.005620
1019.005628
1019.005636
1019.005644
1019.005652
1019.005660
1019.005668
1019.005676
1019.005684
1019.005693
1019.005701
1019.005709
1019.005717
1019.005725
1019.005733
1019.005740
1019.005748
1019.005756
1019.005764
1019.005772
1019.005780
1019.005788
1019.005796
1019.005804
1019.005812
1019.005819
1019.005827
1019.005835
1019.005843
1019.005851
1019.005859
1019.005866
1019.005874
1019.005882
1019.005890
1019.005897
1019.005905
1019.005913
1019.005920
1019.005928
1019.005936
1019.005943
1019.005951
1019.005959
1019.005966
1019.005974
1019.005982
1019.005989
1019.005997
1019.006004
1019.006012
1019.006020
1019.006027
1019.006035
1019.006042
1019.006050
1019.006057
1019.006065
1019.006072
1019.006080
1019.006087
1019.006094
1019.006102
1019.006109
1019.006117
1019.006124
1019.006131
1019.006139
1019.006146
1019.006154
1019.006161
1019.006168
1019.006176
1019.006183
1019.006190
1019.006197
1019.006205
1019.006212
1019.006219
1019.006227
1019.006234
1019.006241
1019.006248
1019.006255
1019.006263
1019.006270
1019.006277
1019.006284
1019.006291
1019.006298
1019.006306
1019.006313
1019.006320
1019.006327
1019.006334
1019.006341
1019.006348
1019.006355
1019.006362
1019.006369
1019.006376
1019.006383
1019.006390
1019.006397
1019.006404
1019.006411
1019.006418
1019.006425
1019.006432
1019.006439
1019.006446
1019.006453
1019.006460
1019.006467
1019.006474
1019.006481
1019.006487
1019.006494
1019.006501
1019.006508
1019.006515
1019.006522
1019.006528
1019.006535
1019.006542
1019.006549
1019.006556
1019.006562
1019.006569
1019.006576
1019.006583
1019.006589
1019.006596
1019.006603
1019.006609
1019.006616
1019.006623
1019.006629
1019.006636
1019.006643
1019.006649
1019.006656
1019.006663
1019.006669
1019.006676
1019.006682
1019.006689
1019.006695
1019.006702
1019.006709
1019.006715
1019.006722
1019.006728
1019.006735
1019.006741
1019.006748
1019.006754
1019.006761
1019.006767
1019.006774
1019.006780
1019.006786
1019.006793
1019.006799
1019.006806
1019.006812
1019.006819
1019.006825
1019.006831
1019.006838
1019.006844
1019.006850
1019.006857
1019.006863
1019.006869
1019.006876
1019.006882
1019.006888
1019.006895
1019.006901
1019.006907
1019.006913
1019.006920
1019.006926
1019.006932
1019.006938
1019.006945
1019.006951
1019.006957
1019.006963
1019.006969
1019.006975
1019.006982
1019.006988
1019.006994
1019.007000
1019.007006
1019.007012
1019.007018
1019.007025
1019.007031
1019.007037
1019.007043
1019.007049
1019.007055
1019.007061
1019.007067
1019.007073
1019.007079
1019.007085
1019.007091
1019.007097
1019.007103
1019.007109
1019.007115
1019.007121
1019.007127
1019.007133
1019.007139
1019.007145
1019.007151
1019.007157
1019.007163
1019.007168
1019.007174
1019.007180
1019.007186
1019.007192
1019.007198
1019.007204
1019.007210
1019.007215
1019.007221
1019.007227
1019.007233
1019.007239
1019.007244
1019.007250
1019.007256
1019.007262
1019.007268
1019.007273
1019.007279
1019.007285
1019.007291
1019.007296
1019.007302
1019.007308
1019.007313
1019.007319
1019.007325
1019.007330
1019.007336
1019.007342
1019.007347
1019.007353
1019.007359
1019.007364
1019.007370
1019.007376
1019.007381
1019.007387
1019.007392
1019.007398
1019.007404
1019.007409
1019.007415
1019.007420
1019.007426
1019.007431
1019.007437
1019.007442
1019.007448
1019.007453
1019.007459
1019.007464
1019.007470
1019.007475
1019.007481
1019.007486
1019.007492
1019.007497
1019.007503
1019.007508
1019.007513
1019.007519
1019.007524
1019.007530
1019.007535
1019.007541
1019.007546
1019.007551
1019.007557
1019.007562
1019.007567
1019.007573
1019.007578
1019.007583
1019.007589
1019.007594
1019.007599
1019.007605
1019.007610
1019.007615
1019.007620
1019.007626
1019.007631
1019.007636
1019.007642
1019.007647
1019.007652
1019.007657
1019.007662
1019.007668
1019.007673
1019.007678
1019.007683
1019.007688
1019.007694
1019.007699
1019.007704
1019.007709
1019.007714
1019.007719
1019.007725
1019.007730
1019.007735
1019.007740
1019.007745
1019.007750
1019.007755
1019.007760
1019.007765
1019.007771
1019.007776
1019.007781
1019.007786
1019.007791
1019.007796
1019.007801
1019.007806
1019.007811
1019.007816
1019.007821
1019.007826
1019.007831
1019.007836
1019.007841
1019.007846
1019.007851
1019.007856
1019.007861
1019.007866
1019.007871
1019.007876
1019.007881
1019.007885
1019.007890
1019.007895
1019.007900
1019.007905
1019.007910
1019.007915
1019.007920
1019.007925
1019.007930
1019.007934
1019.007939
1019.007944
1019.007949
1019.007954
1019.007959
1019.007963
1019.007968
1019.007973
1019.007978
1019.007983
1019.007987
1019.007992
1019.007997
1019.008002
1019.008006
1019.008011
1019.008016
1019.008021
1019.008025
1019.008030
1019.008035
1019.008040
1019.008044
1019.008049
1019.008054
1019.008058
1019.008063
1019.008068
1019.008073
1019.008077
1019.008082
1019.008087
1019.008091
1019.008096
1019.008100
1019.008105
1019.008110
1019.008114
1019.008119
1019.008124
1019.008128
1019.008133
1019.008137
1019.008142
1019.008147
1019.008151
1019.008156
1019.008160
1019.008165
1019.008169
1019.008174
1019.008178
1019.008183
1019.008188
1019.008192
1019.008197
1019.008201
1019.008206
1019.008210
1019.008215
1019.008219
1019.008224
1019.008228
1019.008232
1019.008237
1019.008241
1019.008246
1019.008250
1019.008255
1019.008259
1019.008264
1019.008268
1019.008272
1019.008277
1019.008281
1019.008286
1019.008290
1019.008294
1019.008299
1019.008303
1019.008308
1019.008312
1019.008316
1019.008321
1019.008325
1019.008329
1019.008334
1019.008338
1019.008342
1019.008347
1019.008351
1019.008355
1019.008360
1019.008364
1019.008368
1019.008372
1019.008377
1019.008381
1019.008385
1019.008390
1019.008394
1019.008398
1019.008402
1019.008407
1019.008411
1019.008415
1019.008419
1019.008423
1019.008428
1019.008432
1019.008436
1019.008440
1019.008444
1019.008449
1019.008453
1019.008457
1019.008461
1019.008465
1019.008470
1019.008474
1019.008478
1019.008482
1019.008486
1019.008490
1019.008494
1019.008499
1019.008503
1019.008507
1019.008511
1019.008515
1019.008519
1019.008523
1019.008527
1019.008531
1019.008535
1019.008540
1019.008544
1019.008548
1019.008552
1019.008556
1019.008560
1019.008564
1019.008568
1019.008572
1019.008576
1019.008580
1019.008584
1019.008588
1019.008592
1019.008596
1019.008600
1019.008604
1019.008608
1019.008612
1019.008616
1019.008620
1019.008624
1019.008628
1019.008632
1019.008636
1019.008640
1019.008644
1019.008648
1019.008652
1019.008655
1019.008659
1019.008663
1019.008667
1019.008671
1019.008675
1019.008679
1019.008683
1019.008687
1019.008691
1019.008695
1019.008698
1019.008702
1019.008706
1019.008710
1019.008714
1019.008718
1019.008722
1019.008725
1019.008729
1019.008733
1019.008737
1019.008741
1019.008745
1019.008748
1019.008752
1019.008756
1019.008760
1019.008764
1019.008767
1019.008771
1019.008775
1019.008779
1019.008782
1019.008786
1019.008790
1019.008794
1019.008797
1019.008801
1019.008805
1019.008809
1019.008812
1019.008816
1019.008820
1019.008824
1019.008827
1019.008831
1019.008835
1019.008838
1019.008842
1019.008846
1019.008850
1019.008853
1019.008857
1019.008861
1019.008864
1019.008868
1019.008872
1019.008875
1019.008879
1019.008882
1019.008886
1019.008890
1019.008893
1019.008897
1019.008901
1019.008904
1019.008908
1019.008912
1019.008915
1019.008919
1019.008922
1019.008926
1019.008930
1019.008933
1019.008937
1019.008940
1019.008944
1019.008947
1019.008951
1019.008955
1019.008958
1019.008962
1019.008965
1019.008969
1019.008972
1019.008976
1019.008979
1019.008983
1019.008986
1019.008990
1019.008993
1019.008997
1019.009000
1019.009004
1019.009007
1019.009011
1019.009014
1019.009018
1019.009021
1019.009025
1019.009028
1019.009032
1019.009035
1019.009039
1019.009042
1019.009046
1019.009049
1019.009052
1019.009056
1019.009059
1019.009063
1019.009066
1019.009070
1019.009073
1019.009076
1019.009080
1019.009083
1019.009087
1019.009090
1019.009093
1019.009097
1019.009100
1019.009104
1019.009107
1019.009110
1019.009114
1019.009117
1019.009120
1019.009124
1019.009127
1019.009130
1019.009134
1019.009137
1019.009140
1019.009144
1019.009147
1019.009150
1019.009154
1019.009157
1019.009160
1019.009164
1019.009167
1019.009170
1019.009174
1019.009177
1019.009180
1019.009183
1019.009187
1019.009190
1019.009193
1019.009197
1019.009200
1019.009203
1019.009206
1019.009210
1019.009213
1019.009216
1019.009219
1019.009223
1019.009226
1019.009229
1019.009232
1019.009235
1019.009239
1019.009242
1019.009245
1019.009248
1019.009252
1019.009255
1019.009258
1019.009261
1019.009264
1019.009267
1019.009271
1019.009274
1019.009277
1019.009280
1019.009283
1019.009287
1019.009290
1019.009293
1019.009296
1019.009299
1019.009302
1019.009305
1019.009309
1019.009312
1019.009315
1019.009318
1019.009321
1019.009324
1019.009327
1019.009330
1019.009333
1019.009337
1019.009340
1019.009343
1019.009346
1019.009349
1019.009352
1019.009355
1019.009358
1019.009361
1019.009364
1019.009367
1019.009370
1019.009374
1019.009377
1019.009380
1019.009383
1019.009386
1019.009389
1019.009392
1019.009395
1019.009398
1019.009401
1019.009404
1019.009407
1019.009410
1019.009413
1019.009416
1019.009419
1019.009422
1019.009425
1019.009428
1019.009431
1019.009434
1019.009437
1019.009440
1019.009443
1019.009446
1019.009449
1019.009452
1019.009455
1019.009458
1019.009461
1019.009464
1019.009467
1019.009470
1019.009473
1019.009476
1019.009478
1019.009481
1019.009484
1019.009487
1019.009490
1019.009493
1019.009496
1019.009499
1019.009502
1019.009505
1019.009508
1019.009511
1019.009513
1019.009516
1019.009519
1019.009522
1019.009525
1019.009528
1019.009531
1019.009534
1019.009537
1019.009539
1019.009542
1019.009545
1019.009548
1019.009551
1019.009554
1019.009557
1019.009559
1019.009562
1019.009565
1019.009568
1019.009571
1019.009574
1019.009576
1019.009579
1019.009582
1019.009585
1019.009588
1019.009590
1019.009593
1019.009596
1019.009599
1019.009602
1019.009604
1019.009607
1019.009610
1019.009613
1019.009616
1019.009618
1019.009621
1019.009624
1019.009627
1019.009629
1019.009632
1019.009635
1019.009638
1019.009641
1019.009643
1019.009646
1019.009649
1019.009652
1019.009654
1019.009657
1019.009660
1019.009662
1019.009665
1019.009668
1019.009671
1019.009673
1019.009676
1019.009679
1019.009681
1019.009684
1019.009687
1019.009690
1019.009692
1019.009695
1019.009698
1019.009700
1019.009703
1019.009706
1019.009708
1019.009711
1019.009714
1019.009716
1019.009719
1019.009722
1019.009724
1019.009727
1019.009730
1019.009732
1019.009735
1019.009738
1019.009740
1019.009743
1019.009746
1019.009748
1019.009751
1019.009753
1019.009756
1019.009759
1019.009761
1019.009764
1019.009767
1019.009769
1019.009772
1019.009774
1019.009777
1019.009780
1019.009782
1019.009785
1019.009787
1019.009790
1019.009793
1019.009795
1019.009798
1019.009800
1019.009803
1019.009805
1019.009808
1019.009811
1019.009813
1019.009816
1019.009818
1019.009821
1019.009823
1019.009826
1019.009828
1019.009831
1019.009834
1019.009836
1019.009839
1019.009841
1019.009844
1019.009846
1019.009849
1019.009851
1019.009854
1019.009856
1019.009859
1019.009861
1019.009864
1019.009866
1019.009869
1019.009871
1019.009874
1019.009876
1019.009879
1019.009881
1019.009884
1019.009886
1019.009889
1019.009891
1019.009894
1019.009896
1019.009899
1019.009901
1019.009904
1019.009906
1019.009908
1019.009911
1019.009913
1019.009916
1019.009918
1019.009921
1019.009923
1019.009926
1019.009928
1019.009930
1019.009933
1019.009935
1019.009938
1019.009940
1019.009943
1019.009945
1019.009947
1019.009950
1019.009952
1019.009955
1019.009957
1019.009959
1019.009962
1019.009964
1019.009967
1019.009969
1019.009971
1019.009974
1019.009976
1019.009979
1019.009981
1019.009983
1019.009986
1019.009988
1019.009990
1019.009993
1019.009995
1019.009998
1019.010000
1019.010002
1019.010005
1019.010007
1019.010009
1019.010012
1019.010014
1019.010016
1019.010019
1019.010021
1019.010023
1019.010026
1019.010028
1019.010030
1019.010033
1019.010035
1019.010037
1019.010040
1019.010042
1019.010044
1019.010047
1019.010049
1019.010051
1019.010053
1019.010056
1019.010058
1019.010060
1019.010063
1019.010065
1019.010067
1019.010070
1019.010072
1019.010074
1019.010076
1019.010079
1019.010081
1019.010083
1019.010085
1019.010088
1019.010090
1019.010092
1019.010094
1019.010097
1019.010099
1019.010101
1019.010104
1019.010106
1019.010108
1019.010110
1019.010112
1019.010115
1019.010117
1019.010119
1019.010121
1019.010124
1019.010126
1019.010128
1019.010130
1019.010133
1019.010135
1019.010137
1019.010139
1019.010141
1019.010144
1019.010146
1019.010148
1019.010150
1019.010152
1019.010155
1019.010157
1019.010159
1019.010161
1019.010163
1019.010166
1019.010168
1019.010170
1019.010172
1019.010174
1019.010176
1019.010179
1019.010181
1019.010183
1019.010185
1019.010187
1019.010189
1019.010192
1019.010194
1019.010196
1019.010198
1019.010200
1019.010202
1019.010204
1019.010207
1019.010209
1019.010211
1019.010213
1019.010215
1019.010217
1019.010219
1019.010222
1019.010224
1019.010226
1019.010228
1019.010230
1019.010232
1019.010234
1019.010236
1019.010238
1019.010241
1019.010243
1019.010245
1019.010247
1019.010249
1019.010251
1019.010253
1019.010255
1019.010257
1019.010259
1019.010262
1019.010264
1019.010266
1019.010268
1019.010270
1019.010272
1019.010274
1019.010276
1019.010278
1019.010280
1019.010282
1019.010284
1019.010286
1019.010288
1019.010291
1019.010293
1019.010295
1019.010297
1019.010299
1019.010301
1019.010303
1019.010305
1019.010307
1019.010309
1019.010311
1019.010313
1019.010315
1019.010317
1019.010319
1019.010321
1019.010323
1019.010325
1019.010327
1019.010329
1019.010331
1019.010333
1019.010335
1019.010337
1019.010339
1019.010341
1019.010343
1019.010345
1019.010347
1019.010349
1019.010351
1019.010353
1019.010355
1019.010357
1019.010359
1019.010361
1019.010363
1019.010365
1019.010367
1019.010369
1019.010371
1019.010373
1019.010375
1019.010377
1019.010379
1019.010381
1019.010383
1019.010385
1019.010387
1019.010389
1019.010391
1019.010393
1019.010395
1019.010397
1019.010399
1019.010400
1019.010402
1019.010404
1019.010406
1019.010408
1019.010410
1019.010412
1019.010414
1019.010416
1019.010418
1019.010420
1019.010422
1019.010424
1019.010426
1019.010427
1019.010429
1019.010431
1019.010433
1019.010435
1019.010437
1019.010439
1019.010441
1019.010443
1019.010445
1019.010447
1019.010448
1019.010450
1019.010452
1019.010454
1019.010456
1019.010458
1019.010460
1019.010462
1019.010464
1019.010465
1019.010467
1019.010469
1019.010471
1019.010473
1019.010475
1019.010477
1019.010479
1019.010480
1019.010482
1019.010484
1019.010486
1019.010488
1019.010490
1019.010492
1019.010493
1019.010495
1019.010497
1019.010499
1019.010501
1019.010503
1019.010505
1019.010506
1019.010508
1019.010510
1019.010512
1019.010514
1019.010516
1019.010517
1019.010519
1019.010521
1019.010523
1019.010525
1019.010527
1019.010528
1019.010530
1019.010532
1019.010534
1019.010536
1019.010537
1019.010539
1019.010541
1019.010543
1019.010545
1019.010546
1019.010548
1019.010550
1019.010552
1019.010554
1019.010555
1019.010557
1019.010559
1019.010561
1019.010563
1019.010564
1019.010566
1019.010568
1019.010570
1019.010571
1019.010573
1019.010575
1019.010577
1019.010579
1019.010580
1019.010582
1019.010584
1019.010586
1019.010587
1019.010589
1019.010591
1019.010593
1019.010594
1019.010596
1019.010598
1019.010600
1019.010601
1019.010603
1019.010605
1019.010607
1019.010608
1019.010610
1019.010612
1019.010614
1019.010615
1019.010617
1019.010619
1019.010621
1019.010622
1019.010624
1019.010626
1019.010627
1019.010629
1019.010631
1019.010633
1019.010634
1019.010636
1019.010638
1019.010639
1019.010641
1019.010643
1019.010645
1019.010646
1019.010648
1019.010650
1019.010651
1019.010653
1019.010655
1019.010657
1019.010658
1019.010660
1019.010662
1019.010663
1019.010665
1019.010667
1019.010668
1019.010670
1019.010672
1019.010673
1019.010675
1019.010677
1019.010678
1019.010680
1019.010682
1019.010683
1019.010685
1019.010687
1019.010688
1019.010690
1019.010692
1019.010693
1019.010695
1019.010697
1019.010698
1019.010700
1019.010702
1019.010703
1019.010705
1019.010707
1019.010708
1019.010710
1019.010712
1019.010713
1019.010715
1019.010717
1019.010718
1019.010720
1019.010721
1019.010723
1019.010725
1019.010726
1019.010728
1019.010730
1019.010731
1019.010733
1019.010734
1019.010736
1019.010738
1019.010739
1019.010741
1019.010743
1019.010744
1019.010746
1019.010747
1019.010749
1019.010751
1019.010752
1019.010754
1019.010755
1019.010757
1019.010759
1019.010760
1019.010762
1019.010763
1019.010765
1019.010767
1019.010768
1019.010770
1019.010771
1019.010773
1019.010775
1019.010776
1019.010778
1019.010779
1019.010781
1019.010783
1019.010784
1019.010786
1019.010787
1019.010789
1019.010790
1019.010792
1019.010794
1019.010795
1019.010797
1019.010798
1019.010800
1019.010801
1019.010803
1019.010804
1019.010806
1019.010808
1019.010809
1019.010811
1019.010812
1019.010814
1019.010815
1019.010817
1019.010818
1019.010820
1019.010822
1019.010823
1019.010825
1019.010826
1019.010828
1019.010829
1019.010831
1019.010832
1019.010834
1019.010835
1019.010837
1019.010838
1019.010840
1019.010841
1019.010843
1019.010845
1019.010846
1019.010848
1019.010849
1019.010851
1019.010852
1019.010854
1019.010855
1019.010857
1019.010858
1019.010860
1019.010861
1019.010863
1019.010864
1019.010866
1019.010867
1019.010869
1019.010870
1019.010872
1019.010873
1019.010875
1019.010876
1019.010878
1019.010879
1019.010881
1019.010882
1019.010884
1019.010885
1019.010887
1019.010888
1019.010890
1019.010891
1019.010893
1019.010894
1019.010895
1019.010897
1019.010898
1019.010900
1019.010901
1019.010903
1019.010904
1019.010906
1019.010907
1019.010909
1019.010910
1019.010912
1019.010913
1019.010915
1019.010916
1019.010917
1019.010919
1019.010920
1019.010922
1019.010923
1019.010925
1019.010926
1019.010928
1019.010929
1019.010931
1019.010932
1019.010933
1019.010935
1019.010936
1019.010938
1019.010939
1019.010941
1019.010942
1019.010944
1019.010945
1019.010946
1019.010948
1019.010949
1019.010951
1019.010952
1019.010954
1019.010955
1019.010956
1019.010958
1019.010959
1019.010961
1019.010962
1019.010963
1019.010965
1019.010966
1019.010968
1019.010969
1019.010971
1019.010972
1019.010973
1019.010975
1019.010976
1019.010978
1019.010979
1019.010980
1019.010982
1019.010983
1019.010985
1019.010986
1019.010987
1019.010989
1019.010990
1019.010992
1019.010993
1019.010994
1019.010996
1019.010997
1019.010999
1019.011000
1019.011001
1019.011003
1019.011004
1019.011005
1019.011007
1019.011008
1019.011010
1019.011011
1019.011012
1019.011014
1019.011015
1019.011016
1019.011018
1019.011019
1019.011021
1019.011022
1019.011023
1019.011025
1019.011026
1019.011027
1019.011029
1019.011030
1019.011031
1019.011033
1019.011034
1019.011036
1019.011037
1019.011038
1019.011040
1019.011041
1019.011042
1019.011044
1019.011045
1019.011046
1019.011048
1019.011049
1019.011050
1019.011052
1019.011053
1019.011054
1019.011056
1019.011057
1019.011058
1019.011060
1019.011061
1019.011062
1019.011064
1019.011065
1019.011066
1019.011068
1019.011069
1019.011070
1019.011072
1019.011073
1019.011074
1019.011076
1019.011077
1019.011078
1019.011080
1019.011081
1019.011082
1019.011084
1019.011085
1019.011086
1019.011087
1019.011089
1019.011090
1019.011091
1019.011093
1019.011094
1019.011095
1019.011097
1019.011098
1019.011099
1019.011101
1019.011102
1019.011103
1019.011104
1019.011106
1019.011107
1019.011108
1019.011110
1019.011111
1019.011112
1019.011113
1019.011115
1019.011116
1019.011117
1019.011119
1019.011120
1019.011121
1019.011122
1019.011124
1019.011125
1019.011126
1019.011128
1019.011129
1019.011130
1019.011131
1019.011133
1019.011134
1019.011135
1019.011136
1019.011138
1019.011139
1019.011140
1019.011142
1019.011143
1019.011144
1019.011145
1019.011147
1019.011148
1019.011149
1019.011150
1019.011152
1019.011153
1019.011154
1019.011155
1019.011157
1019.011158
1019.011159
1019.011160
1019.011162
1019.011163
1019.011164
1019.011165
1019.011167
1019.011168
1019.011169
1019.011170
1019.011172
1019.011173
1019.011174
1019.011175
1019.011177
1019.011178
1019.011179
1019.011180
1019.011182
1019.011183
1019.011184
1019.011185
1019.011186
1019.011188
1019.011189
1019.011190
1019.011191
1019.011193
1019.011194
1019.011195
1019.011196
1019.011197
1019.011199
1019.011200
1019.011201
1019.011202
1019.011204
1019.011205
1019.011206
1019.011207
1019.011208
1019.011210
1019.011211
1019.011212
1019.011213
1019.011214
1019.011216
1019.011217
1019.011218
1019.011219
1019.011220
1019.011222
1019.011223
1019.011224
1019.011225
1019.011226
1019.011228
1019.011229
1019.011230
1019.011231
1019.011232
1019.011234
1019.011235
1019.011236
1019.011237
1019.011238
1019.011240
1019.011241
1019.011242
1019.011243
1019.011244
1019.011245
1019.011247
1019.011248
1019.011249
1019.011250
1019.011251
1019.011253
1019.011254
1019.011255
1019.011256
1019.011257
1019.011258
1019.011260
1019.011261
1019.011262
1019.011263
1019.011264
1019.011265
1019.011267
1019.011268
1019.011269
1019.011270
1019.011271
1019.011272
1019.011274
1019.011275
1019.011276
1019.011277
1019.011278
1019.011279
1019.011280
1019.011282
1019.011283
1019.011284
1019.011285
1019.011286
1019.011287
1019.011289
1019.011290
1019.011291
1019.011292
1019.011293
1019.011294
1019.011295
1019.011297
1019.011298
1019.011299
1019.011300
1019.011301
1019.011302
1019.011303
1019.011305
1019.011306
1019.011307
1019.011308
1019.011309
1019.011310
1019.011311
1019.011312
1019.011314
1019.011315
1019.011316
1019.011317
1019.011318
1019.011319
1019.011320
1019.011321
1019.011323
1019.011324
1019.011325
1019.011326
1019.011327
1019.011328
1019.011329
1019.011330
1019.011331
1019.011333
1019.011334
1019.011335
1019.011336
1019.011337
1019.011338
1019.011339
1019.011340
1019.011341
1019.011343
1019.011344
1019.011345
1019.011346
1019.011347
1019.011348
1019.011349
1019.011350
1019.011351
1019.011352
1019.011354
1019.011355
1019.011356
1019.011357
1019.011358
1019.011359
1019.011360
1019.011361
1019.011362
1019.011363
1019.011365
1019.011366
1019.011367
1019.011368
1019.011369
1019.011370
1019.011371
1019.011372
1019.011373
1019.011374
1019.011375
1019.011376
1019.011378
1019.011379
1019.011380
1019.011381
1019.011382
1019.011383
1019.011384
1019.011385
1019.011386
1019.011387
1019.011388
1019.011389
1019.011390
1019.011391
1019.011393
1019.011394
1019.011395
1019.011396
1019.011397
1019.011398
1019.011399
1019.011400
1019.011401
1019.011402
1019.011403
1019.011404
1019.011405
1019.011406
1019.011407
1019.011408
1019.011409
1019.011411
1019.011412
1019.011413
1019.011414
1019.011415
1019.011416
1019.011417
1019.011418
1019.011419
1019.011420
1019.011421
1019.011422
1019.011423
1019.011424
1019.011425
1019.011426
1019.011427
1019.011428
1019.011429
1019.011430
1019.011431
1019.011433
1019.011434
1019.011435
1019.011436
1019.011437
1019.011438
1019.011439
1019.011440
1019.011441
1019.011442
1019.011443
1019.011444
1019.011445
1019.011446
1019.011447
1019.011448
1019.011449
1019.011450
1019.011451
1019.011452
1019.011453
1019.011454
1019.011455
1019.011456
1019.011457
1019.011458
1019.011459
1019.011460
1019.011461
1019.011462
1019.011463
1019.011464
1019.011465
1019.011466
1019.011467
1019.011468
1019.011469
1019.011470
1019.011471
1019.011472
1019.011473
1019.011474
1019.011475
1019.011476
1019.011477
1019.011478
1019.011479
1019.011480
1019.011481
1019.011482
1019.011483
1019.011484
1019.011485
1019.011486
1019.011487
1019.011488
1019.011489
1019.011490
1019.011491
1019.011492
1019.011493
1019.011494
1019.011495
1019.011496
1019.011497
1019.011498
1019.011499
1019.011500
1019.011501
1019.011502
1019.011503
1019.011504
1019.011505
1019.011506
1019.011507
1019.011508
1019.011509
1019.011510
1019.011511
1019.011512
1019.011513
1019.011514
1019.011515
1019.011516
1019.011517
1019.011518
1019.011519
1019.011520
1019.011521
1019.011522
1019.011523
1019.011524
1019.011525
1019.011526
1019.011527
1019.011528
1019.011529
1019.011530
1019.011531
1019.011532
1019.011533
1019.011533
1019.011534
1019.011535
1019.011536
1019.011537
1019.011538
1019.011539
1019.011540
1019.011541
1019.011542
1019.011543
1019.011544
1019.011545
1019.011546
1019.011547
1019.011548
1019.011549
1019.011550
1019.011551
1019.011552
1019.011553
1019.011554
1019.011555
1019.011555
1019.011556
1019.011557
1019.011558
1019.011559
1019.011560
1019.011561
1019.011562
1019.011563
1019.011564
1019.011565
1019.011566
1019.011567
1019.011568
1019.011569
1019.011570
1019.011571
1019.011571
1019.011572
1019.011573
1019.011574
1019.011575
1019.011576
1019.011577
1019.011578
1019.011579
1019.011580
1019.011581
1019.011582
1019.011583
1019.011584
1019.011585
1019.011585
1019.011586
1019.011587
1019.011588
1019.011589
1019.011590
1019.011591
1019.011592
1019.011593
1019.011594
1019.011595
1019.011596
1019.011597
1019.011597
1019.011598
1019.011599
1019.011600
1019.011601
1019.011602
1019.011603
1019.011604
1019.011605
1019.011606
1019.011607
1019.011608
1019.011608
1019.011609
1019.011610
1019.011611
1019.011612
1019.011613
1019.011614
1019.011615
1019.011616
1019.011617
1019.011618
1019.011618
1019.011619
1019.011620
1019.011621
1019.011622
1019.011623
1019.011624
1019.011625
1019.011626
1019.011627
1019.011627
1019.011628
1019.011629
1019.011630
1019.011631
1019.011632
1019.011633
1019.011634
1019.011635
1019.011636
1019.011636
1019.011637
1019.011638
1019.011639
1019.011640
1019.011641
1019.011642
1019.011643
1019.011644
1019.011644
1019.011645
1019.011646
1019.011647
1019.011648
1019.011649
1019.011650
1019.011651
1019.011652
1019.011652
1019.011653
1019.011654
1019.011655
1019.011656
1019.011657
1019.011658
1019.011659
1019.011659
1019.011660
1019.011661
1019.011662
1019.011663
1019.011664
1019.011665
1019.011666
1019.011666
1019.011667
1019.011668
1019.011669
1019.011670
1019.011671
1019.011672
1019.011673
1019.011673
1019.011674
1019.011675
1019.011676
1019.011677
1019.011678
1019.011679
1019.011679
1019.011680
1019.011681
1019.011682
1019.011683
1019.011684
1019.011685
1019.011685
1019.011686
1019.011687
1019.011688
1019.011689
1019.011690
1019.011691
1019.011691
1019.011692
1019.011693
1019.011694
1019.011695
1019.011696
1019.011697
1019.011697
1019.011698
1019.011699
1019.011700
1019.011701
1019.011702
1019.011703
1019.011703
1019.011704
1019.011705
1019.011706
1019.011707
1019.011708
1019.011708
1019.011709
1019.011710
1019.011711
1019.011712
1019.011713
1019.011714
1019.011714
1019.011715
1019.011716
1019.011717
1019.011718
1019.011719
1019.011719
1019.011720
1019.011721
1019.011722
1019.011723
1019.011724
1019.011724
1019.011725
1019.011726
1019.011727
1019.011728
1019.011729
1019.011729
1019.011730
1019.011731
1019.011732
1019.011733
1019.011734
1019.011734
1019.011735
1019.011736
1019.011737
1019.011738
1019.011739
1019.011739
1019.011740
1019.011741
1019.011742
1019.011743
1019.011744
1019.011744
1019.011745
1019.011746
1019.011747
1019.011748
1019.011748
1019.011749
1019.011750
1019.011751
1019.011752
1019.011753
1019.011753
1019.011754
1019.011755
1019.011756
1019.011757
1019.011757
1019.011758
1019.011759
1019.011760
1019.011761
1019.011761
1019.011762
1019.011763
1019.011764
1019.011765
1019.011766
1019.011766
1019.011767
1019.011768
1019.011769
1019.011770
1019.011770
1019.011771
1019.011772
1019.011773
1019.011774
1019.011774
1019.011775
1019.011776
1019.011777
1019.011778
1019.011778
1019.011779
1019.011780
1019.011781
1019.011782
1019.011782
1019.011783
1019.011784
1019.011785
1019.011786
1019.011786
1019.011787
1019.011788
1019.011789
1019.011790
1019.011790
1019.011791
1019.011792
1019.011793
1019.011793
1019.011794
1019.011795
1019.011796
1019.011797
1019.011797
1019.011798
1019.011799
1019.011800
1019.011801
1019.011801
1019.011802
1019.011803
1019.011804
1019.011805
1019.011805
1019.011806
1019.011807
1019.011808
1019.011808
1019.011809
1019.011810
1019.011811
1019.011812
1019.011812
1019.011813
1019.011814
1019.011815
1019.011815
1019.011816
1019.011817
1019.011818
1019.011819
1019.011819
1019.011820
1019.011821
1019.011822
1019.011822
1019.011823
1019.011824
1019.011825
1019.011826
1019.011826
1019.011827
1019.011828
1019.011829
1019.011829
1019.011830
1019.011831
1019.011832
1019.011832
1019.011833
1019.011834
1019.011835
1019.011835
1019.011836
1019.011837
1019.011838
1019.011839
1019.011839
1019.011840
1019.011841
1019.011842
1019.011842
1019.011843
1019.011844
1019.011845
1019.011845
1019.011846
1019.011847
1019.011848
1019.011848
1019.011849
1019.011850
1019.011851
1019.011851
1019.011852
1019.011853
1019.011854
1019.011854
1019.011855
1019.011856
1019.011857
1019.011857
1019.011858
1019.011859
1019.011860
1019.011860
1019.011861
1019.011862
1019.011863
1019.011863
1019.011864
1019.011865
1019.011866
1019.011866
1019.011867
1019.011868
1019.011869
1019.011869
1019.011870
1019.011871
1019.011872
1019.011872
1019.011873
1019.011874
1019.011875
1019.011875
1019.011876
1019.011877
1019.011878
1019.011878
1019.011879
1019.011880
1019.011881
1019.011881
1019.011882
1019.011883
1019.011884
1019.011884
1019.011885
1019.011886
1019.011886
1019.011887
1019.011888
1019.011889
1019.011889
1019.011890
1019.011891
1019.011892
1019.011892
1019.011893
1019.011894
1019.011895
1019.011895
1019.011896
1019.011897
1019.011897
1019.011898
1019.011899
1019.011900
1019.011900
1019.011901
1019.011902
1019.011903
1019.011903
1019.011904
1019.011905
1019.011905
1019.011906
1019.011907
1019.011908
1019.011908
1019.011909
1019.011910
1019.011910
1019.011911
1019.011912
1019.011913
1019.011913
1019.011914
1019.011915
1019.011916
1019.011916
1019.011917
1019.011918
1019.011918
1019.011919
1019.011920
1019.011921
1019.011921
1019.011922
1019.011923
1019.011923
1019.011924
1019.011925
1019.011926
1019.011926
1019.011927
1019.011928
1019.011928
1019.011929
1019.011930
1019.011931
1019.011931
1019.011932
1019.011933
1019.011933
1019.011934
1019.011935
1019.011935
1019.011936
1019.011937
1019.011938
1019.011938
1019.011939
1019.011940
1019.011940
1019.011941
1019.011942
1019.011943
1019.011943
1019.011944
1019.011945
1019.011945
1019.011946
1019.011947
1019.011947
1019.011948
1019.011949
1019.011950
1019.011950
1019.011951
1019.011952
1019.011952
1019.011953
1019.011954
1019.011954
1019.011955
1019.011956
1019.011956
1019.011957
1019.011958
1019.011959
1019.011959
1019.011960
1019.011961
1019.011961
1019.011962
1019.011963
1019.011963
1019.011964
1019.011965
1019.011965
1019.011966
1019.011967
1019.011968
1019.011968
1019.011969
1019.011970
1019.011970
1019.011971
1019.011972
1019.011972
1019.011973
1019.011974
1019.011974
1019.011975
1019.011976
1019.011976
1019.011977
1019.011978
1019.011979
1019.011979
1019.011980
1019.011981
1019.011981
1019.011982
1019.011983
1019.011983
1019.011984
1019.011985
1019.011985
1019.011986
1019.011987
1019.011987
1019.011988
1019.011989
1019.011989
1019.011990
1019.011991
1019.011991
1019.011992
1019.011993
1019.011993
1019.011994
1019.011995
1019.011995
1019.011996
1019.011997
1019.011997
1019.011998
1019.011999
1019.011999
1019.012000
1019.012001
1019.012001
1019.012002
1019.012003
1019.012003
1019.012004
1019.012005
1019.012005
1019.012006
1019.012007
1019.012007
1019.012008
1019.012009
1019.012009
1019.012010
1019.012011
1019.012011
1019.012012
1019.012013
1019.012013
1019.012014
1019.012015
1019.012015
1019.012016
1019.012017
1019.012017
1019.012018
1019.012019
1019.012019
1019.012020
1019.012021
1019.012021
1019.012022
1019.012023
1019.012023
1019.012024
1019.012025
1019.012025
1019.012026
1019.012027
1019.012027
1019.012028
1019.012029
1019.012029
1019.012030
1019.012031
1019.012031
1019.012032
1019.012033
1019.012033
1019.012034
1019.012035
1019.012035
1019.012036
1019.012036
1019.012037
1019.012038
1019.012038
1019.012039
1019.012040
1019.012040
1019.012041
1019.012042
1019.012042
1019.012043
1019.012044
1019.012044
1019.012045
1019.012046
1019.012046
1019.012047
1019.012048
1019.012048
1019.012049
1019.012049
1019.012050
1019.012051
1019.012051
1019.012052
1019.012053
1019.012053
1019.012054
1019.012055
1019.012055
1019.012056
1019.012057
1019.012057
1019.012058
1019.012058
1019.012059
1019.012060
1019.012060
1019.012061
1019.012062
1019.012062
1019.012063
1019.012064
1019.012064
1019.012065
1019.012065
1019.012066
1019.012067
1019.012067
1019.012068
1019.012069
1019.012069
1019.012070
1019.012071
1019.012071
1019.012072
1019.012072
1019.012073
1019.012074
1019.012074
1019.012075
1019.012076
1019.012076
1019.012077
1019.012077
1019.012078
1019.012079
1019.012079
1019.012080
1019.012081
1019.012081
1019.012082
1019.012082
1019.012083
1019.012084
1019.012084
1019.012085
1019.012086
1019.012086
1019.012087
1019.012087
1019.012088
1019.012089
1019.012089
1019.012090
1019.012091
1019.012091
1019.012092
1019.012092
1019.012093
1019.012094
1019.012094
1019.012095
1019.012096
1019.012096
1019.012097
1019.012097
1019.012098
1019.012099
1019.012099
1019.012100
1019.012101
1019.012101
1019.012102
1019.012102
1019.012103
1019.012104
1019.012104
1019.012105
1019.012105
1019.012106
1019.012107
1019.012107
1019.012108
1019.012109
1019.012109
1019.012110
1019.012110
1019.012111
1019.012112
1019.012112
1019.012113
1019.012113
1019.012114
1019.012115
1019.012115
1019.012116
1019.012117
1019.012117
1019.012118
1019.012118
1019.012119
1019.012120
1019.012120
1019.012121
1019.012121
1019.012122
1019.012123
1019.012123
1019.012124
1019.012124
1019.012125
1019.012126
1019.012126
1019.012127
1019.012127
1019.012128
1019.012129
1019.012129
1019.012130
1019.012130
1019.012131
1019.012132
1019.012132
1019.012133
1019.012133
1019.012134
1019.012135
1019.012135
1019.012136
1019.012136
1019.012137
1019.012138
1019.012138
1019.012139
1019.012139
1019.012140
1019.012141
1019.012141
1019.012142
1019.012142
1019.012143
1019.012144
1019.012144
1019.012145
1019.012145
1019.012146
1019.012147
1019.012147
1019.012148
1019.012148
1019.012149
1019.012150
1019.012150
1019.012151
1019.012151
1019.012152
1019.012153
1019.012153
1019.012154
1019.012154
1019.012155
1019.012156
1019.012156
1019.012157
1019.012157
1019.012158
1019.012158
1019.012159
1019.012160
1019.012160
1019.012161
1019.012161
1019.012162
1019.012163
1019.012163
1019.012164
1019.012164
1019.012165
1019.012166
1019.012166
1019.012167
1019.012167
1019.012168
1019.012168
1019.012169
1019.012170
1019.012170
1019.012171
1019.012171
1019.012172
1019.012173
1019.012173
1019.012174
1019.012174
1019.012175
1019.012175
1019.012176
1019.012177
1019.012177
1019.012178
1019.012178
1019.012179
1019.012180
1019.012180
1019.012181
1019.012181
1019.012182
1019.012182
1019.012183
1019.012184
1019.012184
1019.012185
1019.012185
1019.012186
1019.012186
1019.012187
1019.012188
1019.012188
1019.012189
1019.012189
1019.012190
1019.012190
1019.012191
1019.012192
1019.012192
1019.012193
1019.012193
1019.012194
1019.012194
1019.012195
1019.012196
1019.012196
1019.012197
1019.012197
1019.012198
1019.012198
1019.012199
1019.012200
1019.012200
1019.012201
1019.012201
1019.012202
1019.012202
1019.012203
1019.012204
1019.012204
1019.012205
1019.012205
1019.012206
1019.012206
1019.012207
1019.012208
1019.012208
1019.012209
1019.012209
1019.012210
1019.012210
1019.012211
1019.012212
1019.012212
1019.012213
1019.012213
1019.012214
1019.012214
1019.012215
1019.012215
1019.012216
1019.012217
1019.012217
1019.012218
1019.012218
1019.012219
1019.012219
1019.012220
1019.012221
1019.012221
1019.012222
1019.012222
1019.012223
1019.012223
1019.012224
1019.012224
1019.012225
1019.012226
1019.012226
1019.012227
1019.012227
1019.012228
1019.012228
1019.012229
1019.012229
1019.012230
1019.012231
1019.012231
1019.012232
1019.012232
1019.012233
1019.012233
1019.012234
1019.012234
1019.012235
1019.012236
1019.012236
1019.012237
1019.012237
1019.012238
1019.012238
1019.012239
1019.012239
1019.012240
1019.012241
1019.012241
1019.012242
1019.012242
1019.012243
1019.012243
1019.012244
1019.012244
1019.012245
1019.012246
1019.012246
1019.012247
1019.012247
1019.012248
1019.012248
1019.012249
1019.012249
1019.012250
1019.012250
1019.012251
1019.012252
1019.012252
1019.012253
1019.012253
1019.012254
1019.012254
1019.012255
1019.012255
1019.012256
1019.012256
1019.012257
1019.012258
1019.012258
1019.012259
1019.012259
1019.012260
1019.012260
1019.012261
1019.012261
1019.012262
1019.012262
1019.012263
1019.012263
1019.012264
1019.012265
1019.012265
1019.012266
1019.012266
1019.012267
1019.012267
1019.012268
1019.012268
1019.012269
1019.012269
1019.012270
1019.012271
1019.012271
1019.012272
1019.012272
1019.012273
1019.012273
1019.012274
1019.012274
1019.012